Line 26  2 2632.108154  0.125000   6   8     0.082793     4.793852    2    6
Line 26  2 2631.832031  0.175000   4   6     0.106964     4.818517    3    7
Line 26  2 2629.077637  0.228000   2   4     0.121155     4.837645    4    8
Line 26  2 2626.451172  0.067500   8  10     0.047714     4.768920    1    5
Line 26  2 2622.451904  0.065200   2   2     0.121155     4.849561    4    9
Line 26  2 2621.191162  0.003220   4   4     0.106964     4.837645    3    8
Line 26  2 2618.399170  0.050200   6   6     0.082793     4.818517    2    7
Line 26  2 2614.604980  0.114000   4   2     0.106964     4.849561    3    9
Line 26  2 2612.654297  0.131000   8   8     0.047714     4.793852    1    6
Line 26  2 2607.866455  0.118000   6   4     0.082793     4.837645    2    8
Line 26  2 2600.172852  0.240000  10  10     0.000000     4.768920    0    5
Line 26  2 2599.146484  0.094800   8   6     0.047714     4.818517    1    7
Line 26  2 2586.649902  0.054800  10   8     0.000000     4.793852    0    6
Line 26  2 2414.044922  0.175000   2   4     0.121155     5.257769    4   14
Line 26  2 2411.802246  0.220000   2   2     0.121155     5.262545    4   15
Line 26  2 2411.253418  0.203000   4   6     0.106964     5.249525    3   13
Line 26  2 2407.394287  0.161000   4   4     0.106964     5.257769    3   14
Line 26  2 2405.618652  0.243000   6   8     0.082793     5.237399    2   12
Line 26  2 2405.163818  0.031400   4   2     0.106964     5.262545    3   15
Line 26  2 2399.972900  0.131000   6   6     0.082793     5.249525    2   13
Line 26  2 2396.355957  0.289000   8  10     0.047714     5.222245    1   11
Line 26  2 2396.149658  0.022700   6   4     0.082793     5.257769    2   14
Line 26  2 2389.358154  0.096800   8   8     0.047714     5.237399    1   12
Line 26  2 2383.788330  0.012200   8   6     0.047714     5.249525    1   13
Line 26  2 2382.765137  0.343000  10  12     0.000000     5.204045    0   10
Line 26  2 2374.461182  0.052700  10  10     0.000000     5.222245    0   11
Line 26  2 2367.590576  0.004250  10   8     0.000000     5.237399    0   12
Line 26  2 2381.488770  0.009880   6   8     0.082793     5.289627    2   16
Line 26  2 2365.551758  0.044900   8   8     0.047714     5.289627    1   16
Line 26  2 2359.827881  0.037700   4   6     0.106964     5.361592    3   17
Line 26  2 2349.022217  0.077100   6   6     0.082793     5.361592    2   17
Line 26  2 2345.001221  0.126000   2   4     0.121155     5.409006    4   18
Line 26  2 2344.213867  0.126000  10   8     0.000000     5.289627    0   16
Line 26  2 2338.724854  0.088700   4   4     0.106964     5.409006    3   18
Line 26  2 2333.515625  0.081500   8   6     0.047714     5.361592    1   17
Line 26  2 2328.111084  0.039600   6   4     0.082793     5.409006    2   18
Line 26  2 1639.401245  0.087500   2   4     0.121155     7.684903    4   19
Line 26  2 1636.331299  0.061400   4   4     0.106964     7.684903    3   19
Line 26  2 1634.349854  0.026300   4   6     0.106964     7.694090    3   20
Line 26  2 1631.128540  0.027400   6   4     0.082793     7.684903    2   19
Line 26  2 1629.159546  0.053800   6   6     0.082793     7.694090    2   20
Line 26  2 1625.912354  0.007010   6   8     0.082793     7.709291    2   21
Line 26  2 1621.685547  0.056800   8   6     0.047714     7.694090    1   20
Line 26  2 1618.468018  0.031800   8   8     0.047714     7.709291    1   21
Line 26  2 1608.451050  0.089200  10   8     0.000000     7.709291    0   21
