19990 2169 -1 99 190 1.0829e+20 6.2347e+19 0.0 0.0 0.0 0.0 0.0 0.0 0.0             0.0 0.0 0.0 0.0 0.0 0.0 0.0 0.0 0.0 0.0 0.0             0.0 0.0 0.0 0.0 0.0 0.0 0.0 0.0 0.0             0.0 0.0 0.0 0.0 0.0 0.0             0.0 0.0 0.0 0.0 0.0 0.0 0.0 0.0 0.0 0.0
19991 2169 -1 99 191 1.0829e+20 6.6140e+19 0.0 0.0 0.0 0.0 0.0 0.0 0.0             0.0 0.0 0.0 0.0 0.0 0.0 0.0 0.0 0.0 0.0 0.0             0.0 0.0 0.0 0.0 0.0 0.0 0.0 0.0 0.0             0.0 0.0 0.0 0.0 0.0 0.0             0.0 0.0 0.0 0.0 0.0 0.0 0.0 0.0 0.0 0.0
19992 2169 -1 99 192 1.0829e+20 7.0163e+19 0.0 0.0 0.0 0.0 0.0 0.0 0.0             0.0 0.0 0.0 0.0 0.0 0.0 0.0 0.0 0.0 0.0 0.0             0.0 0.0 0.0 0.0 0.0 0.0 0.0 0.0 0.0             0.0 0.0 0.0 0.0 0.0 0.0             0.0 0.0 0.0 0.0 0.0 0.0 0.0 0.0 0.0 0.0
19993 2169 -1 99 193 1.0829e+20 7.4432e+19 0.0 0.0 0.0 0.0 0.0 0.0 0.0             0.0 0.0 0.0 0.0 0.0 0.0 0.0 0.0 0.0 0.0 0.0             0.0 0.0 0.0 0.0 0.0 0.0 0.0 0.0 0.0             0.0 0.0 0.0 0.0 0.0 0.0             0.0 0.0 0.0 0.0 0.0 0.0 0.0 0.0 0.0 0.0
19994 2169 -1 99 185 1.0829e+20 4.6406e+19 0.0 0.0 0.0 0.0 0.0 0.0 0.0             0.0 0.0 0.0 0.0 0.0 0.0 0.0 0.0 0.0 0.0 0.0             0.0 0.0 0.0 0.0 0.0 0.0 0.0 0.0 0.0             0.0 0.0 0.0 0.0 0.0 0.0             0.0 0.0 0.0 0.0 0.0 0.0 0.0 0.0 0.0 0.0
19995 2169 -1 99 186 1.0829e+20 4.9229e+19 0.0 0.0 0.0 0.0 0.0 0.0 0.0             0.0 0.0 0.0 0.0 0.0 0.0 0.0 0.0 0.0 0.0 0.0             0.0 0.0 0.0 0.0 0.0 0.0 0.0 0.0 0.0             0.0 0.0 0.0 0.0 0.0 0.0             0.0 0.0 0.0 0.0 0.0 0.0 0.0 0.0 0.0 0.0
19996 2169 -1 99 187 1.0829e+20 5.2224e+19 0.0 0.0 0.0 0.0 0.0 0.0 0.0             0.0 0.0 0.0 0.0 0.0 0.0 0.0 0.0 0.0 0.0 0.0             0.0 0.0 0.0 0.0 0.0 0.0 0.0 0.0 0.0             0.0 0.0 0.0 0.0 0.0 0.0             0.0 0.0 0.0 0.0 0.0 0.0 0.0 0.0 0.0 0.0
19997 2169 -1 99 188 1.0829e+20 5.5401e+19 0.0 0.0 0.0 0.0 0.0 0.0 0.0             0.0 0.0 0.0 0.0 0.0 0.0 0.0 0.0 0.0 0.0 0.0             0.0 0.0 0.0 0.0 0.0 0.0 0.0 0.0 0.0             0.0 0.0 0.0 0.0 0.0 0.0             0.0 0.0 0.0 0.0 0.0 0.0 0.0 0.0 0.0 0.0
19998 2169 -1 99 189 1.0829e+20 5.8771e+19 0.0 0.0 0.0 0.0 0.0 0.0 0.0             0.0 0.0 0.0 0.0 0.0 0.0 0.0 0.0 0.0 0.0 0.0             0.0 0.0 0.0 0.0 0.0 0.0 0.0 0.0 0.0             0.0 0.0 0.0 0.0 0.0 0.0             0.0 0.0 0.0 0.0 0.0 0.0 0.0 0.0 0.0 0.0
19999 2169 -1 99 189 1.0829e+20 5.8771e+19 0.0 0.0 0.0 0.0 0.0 0.0 0.0             0.0 0.0 0.0 0.0 0.0 0.0 0.0 0.0 0.0 0.0 0.0             0.0 0.0 0.0 0.0 0.0 0.0 0.0 0.0 0.0             0.0 0.0 0.0 0.0 0.0 0.0             0.0 0.0 0.0 0.0 0.0 0.0 0.0 0.0 0.0 0.0    
